{
 "cells": [
  {
   "cell_type": "code",
   "execution_count": 63,
   "id": "310bc9af",
   "metadata": {},
   "outputs": [],
   "source": [
    "import numpy as np\n",
    "import pandas as pd\n",
    "import seaborn as sns\n",
    "import matplotlib.pyplot as plt\n",
    "\n",
    "%matplotlib inline\n",
    "import warnings\n",
    "warnings.filterwarnings('ignore')"
   ]
  },
  {
   "cell_type": "code",
   "execution_count": 64,
   "id": "1fd6e0a5",
   "metadata": {},
   "outputs": [
    {
     "name": "stdout",
     "output_type": "stream",
     "text": [
      "Index(['N_Days', 'Status', 'Drug', 'Age', 'Sex', 'Ascites', 'Hepatomegaly',\n",
      "       'Spiders', 'Edema', 'Bilirubin', 'Cholesterol', 'Albumin', 'Copper',\n",
      "       'Alk_Phos', 'SGOT', 'Tryglicerides', 'Platelets', 'Prothrombin',\n",
      "       'Stage'],\n",
      "      dtype='object') Index(['N_Days', 'Status', 'Drug', 'Age', 'Sex', 'Ascites', 'Hepatomegaly',\n",
      "       'Spiders', 'Edema', 'Bilirubin', 'Cholesterol', 'Albumin', 'Copper',\n",
      "       'Alk_Phos', 'SGOT', 'Tryglicerides', 'Platelets', 'Prothrombin'],\n",
      "      dtype='object')\n"
     ]
    }
   ],
   "source": [
    "df=pd.read_csv('train_dataset.csv',index_col='ID')\n",
    "df1=pd.read_csv('test_dataset.csv',index_col='ID')\n",
    "print(df.columns, df1.columns)"
   ]
  },
  {
   "cell_type": "code",
   "execution_count": 65,
   "id": "35f6c681",
   "metadata": {},
   "outputs": [
    {
     "name": "stdout",
     "output_type": "stream",
     "text": [
      "(6800, 19)\n"
     ]
    },
    {
     "data": {
      "text/plain": [
       "N_Days              0\n",
       "Status              0\n",
       "Drug             2025\n",
       "Age                 0\n",
       "Sex                 0\n",
       "Ascites          2246\n",
       "Hepatomegaly     2427\n",
       "Spiders          2590\n",
       "Edema               0\n",
       "Bilirubin           0\n",
       "Cholesterol      3101\n",
       "Albumin             0\n",
       "Copper           2156\n",
       "Alk_Phos         2498\n",
       "SGOT             2102\n",
       "Tryglicerides    2812\n",
       "Platelets         338\n",
       "Prothrombin       155\n",
       "Stage               0\n",
       "dtype: int64"
      ]
     },
     "execution_count": 65,
     "metadata": {},
     "output_type": "execute_result"
    }
   ],
   "source": [
    "print(df.shape)\n",
    "df.isnull().sum()"
   ]
  },
  {
   "cell_type": "code",
   "execution_count": 66,
   "id": "a1d4775e",
   "metadata": {},
   "outputs": [
    {
     "name": "stdout",
     "output_type": "stream",
     "text": [
      "['Status', 'Drug', 'Sex', 'Ascites', 'Hepatomegaly', 'Spiders', 'Edema'] ['N_Days', 'Status', 'Age', 'Sex', 'Edema', 'Bilirubin', 'Albumin']\n"
     ]
    }
   ],
   "source": [
    "categorical_cols=list(df.select_dtypes(include=('object')).columns)\n",
    "continuous_cols=list(df.select_dtypes(include=(['int64', 'float64'])).columns)\n",
    "continuous_cols.remove(\"Stage\")\n",
    "non_null_cols=list(df.columns[df.notnull().all()])\n",
    "non_null_cols.remove(\"Stage\")\n",
    "print(categorical_cols,non_null_cols)\n",
    "sorted_null_cols=['Prothrombin', 'Platelets', 'Drug', 'SGOT', 'Copper', 'Ascites', 'Hepatomegaly', 'Alk_Phos', 'Spiders', 'Tryglicerides', 'Cholesterol']"
   ]
  },
  {
   "cell_type": "markdown",
   "id": "8b26d975",
   "metadata": {},
   "source": [
    "### Feature Encoding"
   ]
  },
  {
   "cell_type": "code",
   "execution_count": 67,
   "id": "85050bf6",
   "metadata": {},
   "outputs": [],
   "source": [
    " # replacing catagorical data with intigers in train data\n",
    "df['Sex'] = df['Sex'].replace({'M':0, 'F':1})                                # Male : 0 , Female :1\n",
    "df['Ascites'] = df['Ascites'].replace({'N':0, 'Y':1})                        # N : 0, Y : 1   \n",
    "df['Drug'] = df['Drug'].replace({'D-penicillamine':0, 'Placebo':1})          # D-penicillamine : 0, Placebo : 1   \n",
    "df['Hepatomegaly'] = df['Hepatomegaly'].replace({'N':0, 'Y':1})              # N : 0, Y : 1\n",
    "df['Spiders'] = df['Spiders'].replace({'N':0, 'Y':1})                        # N : 0, Y : 1\n",
    "df['Edema'] = df['Edema'].replace({'N':0, 'Y':1, 'S':-1})                    # N : 0, Y : 1, S : -1\n",
    "df['Status'] = df['Status'].replace({'C':0, 'CL':1, 'D':-1})                 # 'C':0, 'CL':1, 'D':-1\n",
    "\n",
    " # replacing catagorical data with intigers in test data\n",
    "df1['Sex'] = df1['Sex'].replace({'M':0, 'F':1})                                # Male : 0 , Female :1\n",
    "df1['Ascites'] = df1['Ascites'].replace({'N':0, 'Y':1})                        # N : 0, Y : 1   \n",
    "df1['Drug'] = df1['Drug'].replace({'D-penicillamine':0, 'Placebo':1})          # D-penicillamine : 0, Placebo : 1   \n",
    "df1['Hepatomegaly'] = df1['Hepatomegaly'].replace({'N':0, 'Y':1})              # N : 0, Y : 1\n",
    "df1['Spiders'] = df1['Spiders'].replace({'N':0, 'Y':1})                        # N : 0, Y : 1\n",
    "df1['Edema'] = df1['Edema'].replace({'N':0, 'Y':1, 'S':-1})                    # N : 0, Y : 1, S : -1\n",
    "df1['Status'] = df1['Status'].replace({'C':0, 'CL':1, 'D':-1})   "
   ]
  },
  {
   "cell_type": "markdown",
   "id": "c915b5da",
   "metadata": {},
   "source": [
    "### Handling Missing Values"
   ]
  },
  {
   "cell_type": "code",
   "execution_count": 68,
   "id": "4558e486",
   "metadata": {},
   "outputs": [
    {
     "data": {
      "text/plain": [
       "N_Days              0\n",
       "Status              0\n",
       "Drug             2025\n",
       "Age                 0\n",
       "Sex                 0\n",
       "Ascites          2246\n",
       "Hepatomegaly     2427\n",
       "Spiders          2590\n",
       "Edema               0\n",
       "Bilirubin           0\n",
       "Cholesterol      3101\n",
       "Albumin             0\n",
       "Copper           2156\n",
       "Alk_Phos         2498\n",
       "SGOT             2102\n",
       "Tryglicerides    2812\n",
       "Platelets         338\n",
       "Prothrombin       155\n",
       "Stage               0\n",
       "dtype: int64"
      ]
     },
     "execution_count": 68,
     "metadata": {},
     "output_type": "execute_result"
    }
   ],
   "source": [
    "df.isnull().sum()"
   ]
  },
  {
   "cell_type": "code",
   "execution_count": 69,
   "id": "1efbe53e",
   "metadata": {},
   "outputs": [
    {
     "data": {
      "text/html": [
       "<div>\n",
       "<style scoped>\n",
       "    .dataframe tbody tr th:only-of-type {\n",
       "        vertical-align: middle;\n",
       "    }\n",
       "\n",
       "    .dataframe tbody tr th {\n",
       "        vertical-align: top;\n",
       "    }\n",
       "\n",
       "    .dataframe thead th {\n",
       "        text-align: right;\n",
       "    }\n",
       "</style>\n",
       "<table border=\"1\" class=\"dataframe\">\n",
       "  <thead>\n",
       "    <tr style=\"text-align: right;\">\n",
       "      <th></th>\n",
       "      <th>N_Days</th>\n",
       "      <th>Status</th>\n",
       "      <th>Drug</th>\n",
       "      <th>Age</th>\n",
       "      <th>Sex</th>\n",
       "      <th>Ascites</th>\n",
       "      <th>Hepatomegaly</th>\n",
       "      <th>Spiders</th>\n",
       "      <th>Edema</th>\n",
       "      <th>Bilirubin</th>\n",
       "      <th>Cholesterol</th>\n",
       "      <th>Albumin</th>\n",
       "      <th>Copper</th>\n",
       "      <th>Alk_Phos</th>\n",
       "      <th>SGOT</th>\n",
       "      <th>Tryglicerides</th>\n",
       "      <th>Platelets</th>\n",
       "      <th>Prothrombin</th>\n",
       "      <th>Stage</th>\n",
       "    </tr>\n",
       "  </thead>\n",
       "  <tbody>\n",
       "    <tr>\n",
       "      <th>N_Days</th>\n",
       "      <td>1.000000</td>\n",
       "      <td>0.006840</td>\n",
       "      <td>-0.035978</td>\n",
       "      <td>-0.069048</td>\n",
       "      <td>0.013816</td>\n",
       "      <td>-0.031093</td>\n",
       "      <td>0.016119</td>\n",
       "      <td>0.033535</td>\n",
       "      <td>0.013727</td>\n",
       "      <td>0.013037</td>\n",
       "      <td>0.045464</td>\n",
       "      <td>-0.028400</td>\n",
       "      <td>0.008272</td>\n",
       "      <td>-0.011724</td>\n",
       "      <td>-0.022703</td>\n",
       "      <td>0.099012</td>\n",
       "      <td>0.042913</td>\n",
       "      <td>-0.006062</td>\n",
       "      <td>0.004066</td>\n",
       "    </tr>\n",
       "    <tr>\n",
       "      <th>Status</th>\n",
       "      <td>0.006840</td>\n",
       "      <td>1.000000</td>\n",
       "      <td>-0.013506</td>\n",
       "      <td>-0.001128</td>\n",
       "      <td>0.001164</td>\n",
       "      <td>0.008727</td>\n",
       "      <td>-0.012336</td>\n",
       "      <td>-0.020520</td>\n",
       "      <td>0.005777</td>\n",
       "      <td>-0.010623</td>\n",
       "      <td>0.045075</td>\n",
       "      <td>0.001007</td>\n",
       "      <td>0.006169</td>\n",
       "      <td>0.023031</td>\n",
       "      <td>0.022049</td>\n",
       "      <td>0.034721</td>\n",
       "      <td>0.003505</td>\n",
       "      <td>0.001908</td>\n",
       "      <td>0.026065</td>\n",
       "    </tr>\n",
       "    <tr>\n",
       "      <th>Drug</th>\n",
       "      <td>-0.035978</td>\n",
       "      <td>-0.013506</td>\n",
       "      <td>1.000000</td>\n",
       "      <td>0.022108</td>\n",
       "      <td>-0.024106</td>\n",
       "      <td>0.009293</td>\n",
       "      <td>0.010275</td>\n",
       "      <td>-0.015001</td>\n",
       "      <td>0.005933</td>\n",
       "      <td>0.005009</td>\n",
       "      <td>-0.006536</td>\n",
       "      <td>-0.015917</td>\n",
       "      <td>0.016241</td>\n",
       "      <td>0.036587</td>\n",
       "      <td>0.051108</td>\n",
       "      <td>0.022982</td>\n",
       "      <td>0.027758</td>\n",
       "      <td>-0.000772</td>\n",
       "      <td>0.000584</td>\n",
       "    </tr>\n",
       "    <tr>\n",
       "      <th>Age</th>\n",
       "      <td>-0.069048</td>\n",
       "      <td>-0.001128</td>\n",
       "      <td>0.022108</td>\n",
       "      <td>1.000000</td>\n",
       "      <td>-0.014149</td>\n",
       "      <td>-0.010194</td>\n",
       "      <td>0.007326</td>\n",
       "      <td>-0.029718</td>\n",
       "      <td>0.006170</td>\n",
       "      <td>0.017183</td>\n",
       "      <td>-0.035271</td>\n",
       "      <td>-0.011826</td>\n",
       "      <td>-0.043328</td>\n",
       "      <td>0.014469</td>\n",
       "      <td>0.036427</td>\n",
       "      <td>0.032096</td>\n",
       "      <td>0.105258</td>\n",
       "      <td>0.005112</td>\n",
       "      <td>-0.001854</td>\n",
       "    </tr>\n",
       "    <tr>\n",
       "      <th>Sex</th>\n",
       "      <td>0.013816</td>\n",
       "      <td>0.001164</td>\n",
       "      <td>-0.024106</td>\n",
       "      <td>-0.014149</td>\n",
       "      <td>1.000000</td>\n",
       "      <td>0.008337</td>\n",
       "      <td>0.025391</td>\n",
       "      <td>0.025404</td>\n",
       "      <td>0.000761</td>\n",
       "      <td>-0.006151</td>\n",
       "      <td>-0.004399</td>\n",
       "      <td>0.010137</td>\n",
       "      <td>-0.016111</td>\n",
       "      <td>0.020542</td>\n",
       "      <td>-0.014293</td>\n",
       "      <td>-0.010295</td>\n",
       "      <td>-0.000127</td>\n",
       "      <td>0.006570</td>\n",
       "      <td>-0.012433</td>\n",
       "    </tr>\n",
       "    <tr>\n",
       "      <th>Ascites</th>\n",
       "      <td>-0.031093</td>\n",
       "      <td>0.008727</td>\n",
       "      <td>0.009293</td>\n",
       "      <td>-0.010194</td>\n",
       "      <td>0.008337</td>\n",
       "      <td>1.000000</td>\n",
       "      <td>0.004788</td>\n",
       "      <td>0.016540</td>\n",
       "      <td>0.001361</td>\n",
       "      <td>-0.004251</td>\n",
       "      <td>0.011066</td>\n",
       "      <td>-0.004148</td>\n",
       "      <td>0.002621</td>\n",
       "      <td>-0.003345</td>\n",
       "      <td>0.004006</td>\n",
       "      <td>0.001957</td>\n",
       "      <td>-0.018179</td>\n",
       "      <td>-0.007914</td>\n",
       "      <td>-0.016884</td>\n",
       "    </tr>\n",
       "    <tr>\n",
       "      <th>Hepatomegaly</th>\n",
       "      <td>0.016119</td>\n",
       "      <td>-0.012336</td>\n",
       "      <td>0.010275</td>\n",
       "      <td>0.007326</td>\n",
       "      <td>0.025391</td>\n",
       "      <td>0.004788</td>\n",
       "      <td>1.000000</td>\n",
       "      <td>0.016257</td>\n",
       "      <td>0.010037</td>\n",
       "      <td>0.000823</td>\n",
       "      <td>0.044094</td>\n",
       "      <td>-0.005921</td>\n",
       "      <td>-0.018030</td>\n",
       "      <td>0.017047</td>\n",
       "      <td>-0.007079</td>\n",
       "      <td>0.008365</td>\n",
       "      <td>-0.020649</td>\n",
       "      <td>-0.022900</td>\n",
       "      <td>-0.004158</td>\n",
       "    </tr>\n",
       "    <tr>\n",
       "      <th>Spiders</th>\n",
       "      <td>0.033535</td>\n",
       "      <td>-0.020520</td>\n",
       "      <td>-0.015001</td>\n",
       "      <td>-0.029718</td>\n",
       "      <td>0.025404</td>\n",
       "      <td>0.016540</td>\n",
       "      <td>0.016257</td>\n",
       "      <td>1.000000</td>\n",
       "      <td>-0.006925</td>\n",
       "      <td>0.021225</td>\n",
       "      <td>-0.009384</td>\n",
       "      <td>0.004038</td>\n",
       "      <td>0.003506</td>\n",
       "      <td>-0.010428</td>\n",
       "      <td>0.024053</td>\n",
       "      <td>0.000085</td>\n",
       "      <td>-0.013254</td>\n",
       "      <td>-0.028451</td>\n",
       "      <td>-0.009396</td>\n",
       "    </tr>\n",
       "    <tr>\n",
       "      <th>Edema</th>\n",
       "      <td>0.013727</td>\n",
       "      <td>0.005777</td>\n",
       "      <td>0.005933</td>\n",
       "      <td>0.006170</td>\n",
       "      <td>0.000761</td>\n",
       "      <td>0.001361</td>\n",
       "      <td>0.010037</td>\n",
       "      <td>-0.006925</td>\n",
       "      <td>1.000000</td>\n",
       "      <td>0.001000</td>\n",
       "      <td>-0.019649</td>\n",
       "      <td>0.005843</td>\n",
       "      <td>-0.016123</td>\n",
       "      <td>-0.003993</td>\n",
       "      <td>0.001269</td>\n",
       "      <td>0.015509</td>\n",
       "      <td>-0.014821</td>\n",
       "      <td>-0.003061</td>\n",
       "      <td>-0.008758</td>\n",
       "    </tr>\n",
       "    <tr>\n",
       "      <th>Bilirubin</th>\n",
       "      <td>0.013037</td>\n",
       "      <td>-0.010623</td>\n",
       "      <td>0.005009</td>\n",
       "      <td>0.017183</td>\n",
       "      <td>-0.006151</td>\n",
       "      <td>-0.004251</td>\n",
       "      <td>0.000823</td>\n",
       "      <td>0.021225</td>\n",
       "      <td>0.001000</td>\n",
       "      <td>1.000000</td>\n",
       "      <td>0.005986</td>\n",
       "      <td>0.062583</td>\n",
       "      <td>0.001208</td>\n",
       "      <td>0.040346</td>\n",
       "      <td>0.020157</td>\n",
       "      <td>-0.009782</td>\n",
       "      <td>-0.037234</td>\n",
       "      <td>-0.019610</td>\n",
       "      <td>-0.010225</td>\n",
       "    </tr>\n",
       "    <tr>\n",
       "      <th>Cholesterol</th>\n",
       "      <td>0.045464</td>\n",
       "      <td>0.045075</td>\n",
       "      <td>-0.006536</td>\n",
       "      <td>-0.035271</td>\n",
       "      <td>-0.004399</td>\n",
       "      <td>0.011066</td>\n",
       "      <td>0.044094</td>\n",
       "      <td>-0.009384</td>\n",
       "      <td>-0.019649</td>\n",
       "      <td>0.005986</td>\n",
       "      <td>1.000000</td>\n",
       "      <td>0.023670</td>\n",
       "      <td>-0.013332</td>\n",
       "      <td>-0.031814</td>\n",
       "      <td>0.020435</td>\n",
       "      <td>0.046358</td>\n",
       "      <td>-0.017935</td>\n",
       "      <td>-0.012795</td>\n",
       "      <td>0.033273</td>\n",
       "    </tr>\n",
       "    <tr>\n",
       "      <th>Albumin</th>\n",
       "      <td>-0.028400</td>\n",
       "      <td>0.001007</td>\n",
       "      <td>-0.015917</td>\n",
       "      <td>-0.011826</td>\n",
       "      <td>0.010137</td>\n",
       "      <td>-0.004148</td>\n",
       "      <td>-0.005921</td>\n",
       "      <td>0.004038</td>\n",
       "      <td>0.005843</td>\n",
       "      <td>0.062583</td>\n",
       "      <td>0.023670</td>\n",
       "      <td>1.000000</td>\n",
       "      <td>0.015370</td>\n",
       "      <td>0.001515</td>\n",
       "      <td>-0.039058</td>\n",
       "      <td>-0.001856</td>\n",
       "      <td>0.004874</td>\n",
       "      <td>-0.012963</td>\n",
       "      <td>-0.015126</td>\n",
       "    </tr>\n",
       "    <tr>\n",
       "      <th>Copper</th>\n",
       "      <td>0.008272</td>\n",
       "      <td>0.006169</td>\n",
       "      <td>0.016241</td>\n",
       "      <td>-0.043328</td>\n",
       "      <td>-0.016111</td>\n",
       "      <td>0.002621</td>\n",
       "      <td>-0.018030</td>\n",
       "      <td>0.003506</td>\n",
       "      <td>-0.016123</td>\n",
       "      <td>0.001208</td>\n",
       "      <td>-0.013332</td>\n",
       "      <td>0.015370</td>\n",
       "      <td>1.000000</td>\n",
       "      <td>-0.002676</td>\n",
       "      <td>0.008156</td>\n",
       "      <td>0.034465</td>\n",
       "      <td>-0.024679</td>\n",
       "      <td>-0.052658</td>\n",
       "      <td>-0.001518</td>\n",
       "    </tr>\n",
       "    <tr>\n",
       "      <th>Alk_Phos</th>\n",
       "      <td>-0.011724</td>\n",
       "      <td>0.023031</td>\n",
       "      <td>0.036587</td>\n",
       "      <td>0.014469</td>\n",
       "      <td>0.020542</td>\n",
       "      <td>-0.003345</td>\n",
       "      <td>0.017047</td>\n",
       "      <td>-0.010428</td>\n",
       "      <td>-0.003993</td>\n",
       "      <td>0.040346</td>\n",
       "      <td>-0.031814</td>\n",
       "      <td>0.001515</td>\n",
       "      <td>-0.002676</td>\n",
       "      <td>1.000000</td>\n",
       "      <td>0.017881</td>\n",
       "      <td>-0.036749</td>\n",
       "      <td>0.040833</td>\n",
       "      <td>0.040108</td>\n",
       "      <td>-0.000170</td>\n",
       "    </tr>\n",
       "    <tr>\n",
       "      <th>SGOT</th>\n",
       "      <td>-0.022703</td>\n",
       "      <td>0.022049</td>\n",
       "      <td>0.051108</td>\n",
       "      <td>0.036427</td>\n",
       "      <td>-0.014293</td>\n",
       "      <td>0.004006</td>\n",
       "      <td>-0.007079</td>\n",
       "      <td>0.024053</td>\n",
       "      <td>0.001269</td>\n",
       "      <td>0.020157</td>\n",
       "      <td>0.020435</td>\n",
       "      <td>-0.039058</td>\n",
       "      <td>0.008156</td>\n",
       "      <td>0.017881</td>\n",
       "      <td>1.000000</td>\n",
       "      <td>0.013772</td>\n",
       "      <td>0.059069</td>\n",
       "      <td>-0.029069</td>\n",
       "      <td>-0.017251</td>\n",
       "    </tr>\n",
       "    <tr>\n",
       "      <th>Tryglicerides</th>\n",
       "      <td>0.099012</td>\n",
       "      <td>0.034721</td>\n",
       "      <td>0.022982</td>\n",
       "      <td>0.032096</td>\n",
       "      <td>-0.010295</td>\n",
       "      <td>0.001957</td>\n",
       "      <td>0.008365</td>\n",
       "      <td>0.000085</td>\n",
       "      <td>0.015509</td>\n",
       "      <td>-0.009782</td>\n",
       "      <td>0.046358</td>\n",
       "      <td>-0.001856</td>\n",
       "      <td>0.034465</td>\n",
       "      <td>-0.036749</td>\n",
       "      <td>0.013772</td>\n",
       "      <td>1.000000</td>\n",
       "      <td>0.010085</td>\n",
       "      <td>0.016860</td>\n",
       "      <td>-0.043826</td>\n",
       "    </tr>\n",
       "    <tr>\n",
       "      <th>Platelets</th>\n",
       "      <td>0.042913</td>\n",
       "      <td>0.003505</td>\n",
       "      <td>0.027758</td>\n",
       "      <td>0.105258</td>\n",
       "      <td>-0.000127</td>\n",
       "      <td>-0.018179</td>\n",
       "      <td>-0.020649</td>\n",
       "      <td>-0.013254</td>\n",
       "      <td>-0.014821</td>\n",
       "      <td>-0.037234</td>\n",
       "      <td>-0.017935</td>\n",
       "      <td>0.004874</td>\n",
       "      <td>-0.024679</td>\n",
       "      <td>0.040833</td>\n",
       "      <td>0.059069</td>\n",
       "      <td>0.010085</td>\n",
       "      <td>1.000000</td>\n",
       "      <td>0.015980</td>\n",
       "      <td>-0.021621</td>\n",
       "    </tr>\n",
       "    <tr>\n",
       "      <th>Prothrombin</th>\n",
       "      <td>-0.006062</td>\n",
       "      <td>0.001908</td>\n",
       "      <td>-0.000772</td>\n",
       "      <td>0.005112</td>\n",
       "      <td>0.006570</td>\n",
       "      <td>-0.007914</td>\n",
       "      <td>-0.022900</td>\n",
       "      <td>-0.028451</td>\n",
       "      <td>-0.003061</td>\n",
       "      <td>-0.019610</td>\n",
       "      <td>-0.012795</td>\n",
       "      <td>-0.012963</td>\n",
       "      <td>-0.052658</td>\n",
       "      <td>0.040108</td>\n",
       "      <td>-0.029069</td>\n",
       "      <td>0.016860</td>\n",
       "      <td>0.015980</td>\n",
       "      <td>1.000000</td>\n",
       "      <td>0.007317</td>\n",
       "    </tr>\n",
       "    <tr>\n",
       "      <th>Stage</th>\n",
       "      <td>0.004066</td>\n",
       "      <td>0.026065</td>\n",
       "      <td>0.000584</td>\n",
       "      <td>-0.001854</td>\n",
       "      <td>-0.012433</td>\n",
       "      <td>-0.016884</td>\n",
       "      <td>-0.004158</td>\n",
       "      <td>-0.009396</td>\n",
       "      <td>-0.008758</td>\n",
       "      <td>-0.010225</td>\n",
       "      <td>0.033273</td>\n",
       "      <td>-0.015126</td>\n",
       "      <td>-0.001518</td>\n",
       "      <td>-0.000170</td>\n",
       "      <td>-0.017251</td>\n",
       "      <td>-0.043826</td>\n",
       "      <td>-0.021621</td>\n",
       "      <td>0.007317</td>\n",
       "      <td>1.000000</td>\n",
       "    </tr>\n",
       "  </tbody>\n",
       "</table>\n",
       "</div>"
      ],
      "text/plain": [
       "                 N_Days    Status      Drug       Age       Sex   Ascites  \\\n",
       "N_Days         1.000000  0.006840 -0.035978 -0.069048  0.013816 -0.031093   \n",
       "Status         0.006840  1.000000 -0.013506 -0.001128  0.001164  0.008727   \n",
       "Drug          -0.035978 -0.013506  1.000000  0.022108 -0.024106  0.009293   \n",
       "Age           -0.069048 -0.001128  0.022108  1.000000 -0.014149 -0.010194   \n",
       "Sex            0.013816  0.001164 -0.024106 -0.014149  1.000000  0.008337   \n",
       "Ascites       -0.031093  0.008727  0.009293 -0.010194  0.008337  1.000000   \n",
       "Hepatomegaly   0.016119 -0.012336  0.010275  0.007326  0.025391  0.004788   \n",
       "Spiders        0.033535 -0.020520 -0.015001 -0.029718  0.025404  0.016540   \n",
       "Edema          0.013727  0.005777  0.005933  0.006170  0.000761  0.001361   \n",
       "Bilirubin      0.013037 -0.010623  0.005009  0.017183 -0.006151 -0.004251   \n",
       "Cholesterol    0.045464  0.045075 -0.006536 -0.035271 -0.004399  0.011066   \n",
       "Albumin       -0.028400  0.001007 -0.015917 -0.011826  0.010137 -0.004148   \n",
       "Copper         0.008272  0.006169  0.016241 -0.043328 -0.016111  0.002621   \n",
       "Alk_Phos      -0.011724  0.023031  0.036587  0.014469  0.020542 -0.003345   \n",
       "SGOT          -0.022703  0.022049  0.051108  0.036427 -0.014293  0.004006   \n",
       "Tryglicerides  0.099012  0.034721  0.022982  0.032096 -0.010295  0.001957   \n",
       "Platelets      0.042913  0.003505  0.027758  0.105258 -0.000127 -0.018179   \n",
       "Prothrombin   -0.006062  0.001908 -0.000772  0.005112  0.006570 -0.007914   \n",
       "Stage          0.004066  0.026065  0.000584 -0.001854 -0.012433 -0.016884   \n",
       "\n",
       "               Hepatomegaly   Spiders     Edema  Bilirubin  Cholesterol  \\\n",
       "N_Days             0.016119  0.033535  0.013727   0.013037     0.045464   \n",
       "Status            -0.012336 -0.020520  0.005777  -0.010623     0.045075   \n",
       "Drug               0.010275 -0.015001  0.005933   0.005009    -0.006536   \n",
       "Age                0.007326 -0.029718  0.006170   0.017183    -0.035271   \n",
       "Sex                0.025391  0.025404  0.000761  -0.006151    -0.004399   \n",
       "Ascites            0.004788  0.016540  0.001361  -0.004251     0.011066   \n",
       "Hepatomegaly       1.000000  0.016257  0.010037   0.000823     0.044094   \n",
       "Spiders            0.016257  1.000000 -0.006925   0.021225    -0.009384   \n",
       "Edema              0.010037 -0.006925  1.000000   0.001000    -0.019649   \n",
       "Bilirubin          0.000823  0.021225  0.001000   1.000000     0.005986   \n",
       "Cholesterol        0.044094 -0.009384 -0.019649   0.005986     1.000000   \n",
       "Albumin           -0.005921  0.004038  0.005843   0.062583     0.023670   \n",
       "Copper            -0.018030  0.003506 -0.016123   0.001208    -0.013332   \n",
       "Alk_Phos           0.017047 -0.010428 -0.003993   0.040346    -0.031814   \n",
       "SGOT              -0.007079  0.024053  0.001269   0.020157     0.020435   \n",
       "Tryglicerides      0.008365  0.000085  0.015509  -0.009782     0.046358   \n",
       "Platelets         -0.020649 -0.013254 -0.014821  -0.037234    -0.017935   \n",
       "Prothrombin       -0.022900 -0.028451 -0.003061  -0.019610    -0.012795   \n",
       "Stage             -0.004158 -0.009396 -0.008758  -0.010225     0.033273   \n",
       "\n",
       "                Albumin    Copper  Alk_Phos      SGOT  Tryglicerides  \\\n",
       "N_Days        -0.028400  0.008272 -0.011724 -0.022703       0.099012   \n",
       "Status         0.001007  0.006169  0.023031  0.022049       0.034721   \n",
       "Drug          -0.015917  0.016241  0.036587  0.051108       0.022982   \n",
       "Age           -0.011826 -0.043328  0.014469  0.036427       0.032096   \n",
       "Sex            0.010137 -0.016111  0.020542 -0.014293      -0.010295   \n",
       "Ascites       -0.004148  0.002621 -0.003345  0.004006       0.001957   \n",
       "Hepatomegaly  -0.005921 -0.018030  0.017047 -0.007079       0.008365   \n",
       "Spiders        0.004038  0.003506 -0.010428  0.024053       0.000085   \n",
       "Edema          0.005843 -0.016123 -0.003993  0.001269       0.015509   \n",
       "Bilirubin      0.062583  0.001208  0.040346  0.020157      -0.009782   \n",
       "Cholesterol    0.023670 -0.013332 -0.031814  0.020435       0.046358   \n",
       "Albumin        1.000000  0.015370  0.001515 -0.039058      -0.001856   \n",
       "Copper         0.015370  1.000000 -0.002676  0.008156       0.034465   \n",
       "Alk_Phos       0.001515 -0.002676  1.000000  0.017881      -0.036749   \n",
       "SGOT          -0.039058  0.008156  0.017881  1.000000       0.013772   \n",
       "Tryglicerides -0.001856  0.034465 -0.036749  0.013772       1.000000   \n",
       "Platelets      0.004874 -0.024679  0.040833  0.059069       0.010085   \n",
       "Prothrombin   -0.012963 -0.052658  0.040108 -0.029069       0.016860   \n",
       "Stage         -0.015126 -0.001518 -0.000170 -0.017251      -0.043826   \n",
       "\n",
       "               Platelets  Prothrombin     Stage  \n",
       "N_Days          0.042913    -0.006062  0.004066  \n",
       "Status          0.003505     0.001908  0.026065  \n",
       "Drug            0.027758    -0.000772  0.000584  \n",
       "Age             0.105258     0.005112 -0.001854  \n",
       "Sex            -0.000127     0.006570 -0.012433  \n",
       "Ascites        -0.018179    -0.007914 -0.016884  \n",
       "Hepatomegaly   -0.020649    -0.022900 -0.004158  \n",
       "Spiders        -0.013254    -0.028451 -0.009396  \n",
       "Edema          -0.014821    -0.003061 -0.008758  \n",
       "Bilirubin      -0.037234    -0.019610 -0.010225  \n",
       "Cholesterol    -0.017935    -0.012795  0.033273  \n",
       "Albumin         0.004874    -0.012963 -0.015126  \n",
       "Copper         -0.024679    -0.052658 -0.001518  \n",
       "Alk_Phos        0.040833     0.040108 -0.000170  \n",
       "SGOT            0.059069    -0.029069 -0.017251  \n",
       "Tryglicerides   0.010085     0.016860 -0.043826  \n",
       "Platelets       1.000000     0.015980 -0.021621  \n",
       "Prothrombin     0.015980     1.000000  0.007317  \n",
       "Stage          -0.021621     0.007317  1.000000  "
      ]
     },
     "execution_count": 69,
     "metadata": {},
     "output_type": "execute_result"
    }
   ],
   "source": [
    "df.corr()"
   ]
  },
  {
   "cell_type": "code",
   "execution_count": 70,
   "id": "05946f6e",
   "metadata": {},
   "outputs": [],
   "source": [
    "# a=df.isnull().sum().tolist()\n",
    "# b=zip(a,list(df.columns))\n",
    "# b=sorted(b)\n",
    "# b=[element for _,element in b]\n",
    "# print(list(df.columns),b)\n",
    "sorted_null_cols=['Prothrombin', 'Platelets', 'Drug', 'SGOT', 'Copper', 'Ascites', 'Hepatomegaly', 'Alk_Phos', 'Spiders', 'Tryglicerides', 'Cholesterol']"
   ]
  },
  {
   "cell_type": "code",
   "execution_count": 71,
   "id": "85c610f3",
   "metadata": {
    "scrolled": true
   },
   "outputs": [
    {
     "data": {
      "text/plain": [
       "N_Days              0\n",
       "Status              0\n",
       "Drug              963\n",
       "Age                 0\n",
       "Sex                 0\n",
       "Ascites          1087\n",
       "Hepatomegaly     1102\n",
       "Spiders          1200\n",
       "Edema               0\n",
       "Bilirubin           0\n",
       "Cholesterol      1435\n",
       "Albumin             0\n",
       "Copper           1006\n",
       "Alk_Phos         1168\n",
       "SGOT              987\n",
       "Tryglicerides    1286\n",
       "Platelets         164\n",
       "Prothrombin        64\n",
       "dtype: int64"
      ]
     },
     "execution_count": 71,
     "metadata": {},
     "output_type": "execute_result"
    }
   ],
   "source": [
    "df1.isnull().sum()"
   ]
  },
  {
   "cell_type": "code",
   "execution_count": 72,
   "id": "67b02fde",
   "metadata": {},
   "outputs": [],
   "source": [
    "df_train=df.copy()\n",
    "df_test=df1.copy()\n",
    "to_drop_cols=['Drug', 'SGOT', 'Copper', 'Ascites', 'Hepatomegaly', 'Alk_Phos', 'Spiders', 'Tryglicerides', 'Cholesterol',\"N_Days\",\"Status\"]\n",
    "df_train=df_train.drop(to_drop_cols,axis=1)\n",
    "df_test=df_test.drop(to_drop_cols,axis=1)"
   ]
  },
  {
   "cell_type": "code",
   "execution_count": 73,
   "id": "0f41a90a",
   "metadata": {},
   "outputs": [],
   "source": [
    "def custom_knn_imputer(df,df1,df2):\n",
    "    from sklearn.neighbors import KNeighborsClassifier\n",
    "    from sklearn.neighbors import KNeighborsRegressor\n",
    "    i=1\n",
    "\n",
    "    df_train_imputed=df.copy()\n",
    "    df_test_imputed=df1.copy()\n",
    "    df_val_imputed=df2.copy()\n",
    "    for c in sorted_null_cols:\n",
    "\n",
    "        df_train_train=df_train_imputed[df_train_imputed[c].notnull()]\n",
    "        df_train_test=df_train_imputed[df_train_imputed[c].isnull()]\n",
    "        train_X_train=df_train_train[non_null_cols]\n",
    "        train_y_train=df_train_train.pop(c)\n",
    "        train_X_test=df_train_test[non_null_cols]\n",
    "\n",
    "        test_X=df_test_imputed[df_test_imputed[c].isnull()][non_null_cols]\n",
    "        val_X=df_val_imputed[df_val_imputed[c].isnull()][non_null_cols]\n",
    "        if c in continuous_cols:\n",
    "            print(i,\"co\")\n",
    "            knn=KNeighborsRegressor(n_neighbors=9)\n",
    "            knn.fit(train_X_train,train_y_train)\n",
    "\n",
    "            train_y_pred=knn.predict(train_X_test)\n",
    "            df_train_imputed.loc[df_train_imputed[c].isnull(),c]=train_y_pred\n",
    "\n",
    "            test_y_pred=knn.predict(test_X)\n",
    "            df_test_imputed.loc[df_test_imputed[c].isnull(),c]=test_y_pred\n",
    "            \n",
    "            val_y_pred=knn.predict(val_X)\n",
    "            df_val_imputed.loc[df_val_imputed[c].isnull(),c]=val_y_pred\n",
    "        else:\n",
    "            print(i,\"ca\")\n",
    "            knn=KNeighborsClassifier(n_neighbors=9)\n",
    "            knn.fit(train_X_train,train_y_train)\n",
    "\n",
    "            train_y_pred=knn.predict(train_X_test)\n",
    "            df_train_imputed.loc[df_train_imputed[c].isnull(),c]=train_y_pred\n",
    "\n",
    "            test_y_pred=knn.predict(test_X)\n",
    "            df_test_imputed.loc[df_test_imputed[c].isnull(),c]=test_y_pred\n",
    "            \n",
    "            val_y_pred=knn.predict(val_X)\n",
    "            df_val_imputed.loc[df_val_imputed[c].isnull(),c]=val_y_pred\n",
    "        non_null_cols.append(c)\n",
    "        i+=1\n",
    "    df_train_imputed.isnull().sum()\n",
    "    return df_train_imputed,df_test_imputed,df_val_imputed"
   ]
  },
  {
   "cell_type": "code",
   "execution_count": 74,
   "id": "ffeeb880",
   "metadata": {},
   "outputs": [],
   "source": [
    "def custom_simple_imputer(df,df1,df2):\n",
    "    for c in np.setdiff1d(continuous_cols,to_drop_cols):\n",
    "        df[c].fillna(df[c].mean(), inplace=True)\n",
    "        df1[c].fillna(df[c].mean(), inplace=True)\n",
    "        df2[c].fillna(df[c].mean(), inplace=True)\n",
    "    for c in np.setdiff1d(categorical_cols,to_drop_cols):\n",
    "        df[c].fillna(df[c].mode().values[0], inplace=True)\n",
    "        df1[c].fillna(df[c].mode().values[0], inplace=True)\n",
    "        df2[c].fillna(df[c].mode().values[0], inplace=True)\n",
    "    return df,df1,df2"
   ]
  },
  {
   "cell_type": "code",
   "execution_count": 76,
   "id": "3650bc70",
   "metadata": {},
   "outputs": [],
   "source": [
    "def pre_process(X_train,X_test,X_val,imputer):\n",
    "\n",
    "    df=X_train.copy()\n",
    "    df1=X_test.copy()\n",
    "    df2=X_val.copy()\n",
    "    \n",
    "    if imputer==\"knn\":\n",
    "        custom_knn_imputer(df,df1,df2)\n",
    "    elif imputer==\"simple\":\n",
    "        custom_simple_imputer(df,df1,df2)\n",
    "    \n",
    "    from sklearn.preprocessing import StandardScaler\n",
    "    scaler = StandardScaler()\n",
    "    # df[continuous_cols] = scaler.fit_transform(df[continuous_cols]) #train dataset scaling\n",
    "    # df1[continuous_cols] = scaler.transform(df1[continuous_cols]) #test dataset scaling\n",
    "    cols=list(df.columns)\n",
    "#     cols.remove(\"Stage\")\n",
    "#     print(cols)\n",
    "    df[cols] = scaler.fit_transform(df[cols]) #train dataset scaling\n",
    "#     df1[cols] = scaler.transform(df1[cols]) #test dataset scaling\n",
    "#     df2[cols] = scaler.transform(df2[cols]) #test dataset scaling\n",
    "    \n",
    "    return df,df1,df2"
   ]
  },
  {
   "cell_type": "code",
   "execution_count": 77,
   "id": "3f4ef2db",
   "metadata": {},
   "outputs": [],
   "source": [
    "X = df_train.drop(['Stage'], axis=1)\n",
    "y = df_train.pop('Stage')"
   ]
  },
  {
   "cell_type": "code",
   "execution_count": 78,
   "id": "19a4d61b",
   "metadata": {},
   "outputs": [
    {
     "name": "stdout",
     "output_type": "stream",
     "text": [
      "[23:15:58] WARNING: C:/Users/Administrator/workspace/xgboost-win64_release_1.5.0/src/learner.cc:576: \n",
      "Parameters: { \"n_learning_rate\", \"verbose\" } might not be used.\n",
      "\n",
      "  This could be a false alarm, with some parameters getting used by language bindings but\n",
      "  then being mistakenly passed down to XGBoost core, or some parameter actually being used\n",
      "  but getting flagged wrongly here. Please open an issue if you find any such cases.\n",
      "\n",
      "\n",
      "[0]\tvalidation_0-auc:0.50000\n",
      "[1]\tvalidation_0-auc:0.50272\n",
      "[2]\tvalidation_0-auc:0.50553\n",
      "[3]\tvalidation_0-auc:0.51080\n",
      "[4]\tvalidation_0-auc:0.51587\n",
      "[5]\tvalidation_0-auc:0.52175\n",
      "[6]\tvalidation_0-auc:0.51299\n",
      "[7]\tvalidation_0-auc:0.51422\n",
      "[8]\tvalidation_0-auc:0.51024\n",
      "[9]\tvalidation_0-auc:0.50681\n",
      "[10]\tvalidation_0-auc:0.50640\n",
      "[11]\tvalidation_0-auc:0.50365\n",
      "[12]\tvalidation_0-auc:0.49978\n",
      "[13]\tvalidation_0-auc:0.49636\n",
      "[14]\tvalidation_0-auc:0.49625\n",
      "[15]\tvalidation_0-auc:0.49719\n",
      "[16]\tvalidation_0-auc:0.50330\n",
      "[17]\tvalidation_0-auc:0.50860\n",
      "[18]\tvalidation_0-auc:0.50739\n",
      "[19]\tvalidation_0-auc:0.50596\n",
      "[20]\tvalidation_0-auc:0.50441\n",
      "[21]\tvalidation_0-auc:0.50499\n",
      "[22]\tvalidation_0-auc:0.50522\n",
      "[23]\tvalidation_0-auc:0.50382\n",
      "[24]\tvalidation_0-auc:0.50357\n",
      "[25]\tvalidation_0-auc:0.50328\n",
      "[26]\tvalidation_0-auc:0.50398\n",
      "[27]\tvalidation_0-auc:0.50807\n",
      "[28]\tvalidation_0-auc:0.50696\n",
      "[29]\tvalidation_0-auc:0.50658\n",
      "[30]\tvalidation_0-auc:0.50557\n",
      "[31]\tvalidation_0-auc:0.50521\n",
      "[32]\tvalidation_0-auc:0.51067\n",
      "[33]\tvalidation_0-auc:0.51011\n",
      "[34]\tvalidation_0-auc:0.51054\n",
      "[35]\tvalidation_0-auc:0.51113\n",
      "[36]\tvalidation_0-auc:0.50986\n",
      "[37]\tvalidation_0-auc:0.50902\n",
      "[38]\tvalidation_0-auc:0.51036\n",
      "[39]\tvalidation_0-auc:0.51075\n",
      "[40]\tvalidation_0-auc:0.50849\n",
      "[41]\tvalidation_0-auc:0.50964\n",
      "[42]\tvalidation_0-auc:0.50970\n",
      "[43]\tvalidation_0-auc:0.50884\n",
      "[44]\tvalidation_0-auc:0.50839\n",
      "[45]\tvalidation_0-auc:0.50815\n",
      "[46]\tvalidation_0-auc:0.50918\n",
      "[47]\tvalidation_0-auc:0.50802\n",
      "[48]\tvalidation_0-auc:0.50699\n",
      "[49]\tvalidation_0-auc:0.50836\n",
      "[50]\tvalidation_0-auc:0.50853\n",
      "[51]\tvalidation_0-auc:0.50849\n",
      "[52]\tvalidation_0-auc:0.50974\n",
      "[53]\tvalidation_0-auc:0.50636\n",
      "[54]\tvalidation_0-auc:0.50647\n",
      "[55]\tvalidation_0-auc:0.50704\n",
      "0 0.3788099421241042\n",
      "[23:15:58] WARNING: C:/Users/Administrator/workspace/xgboost-win64_release_1.5.0/src/learner.cc:576: \n",
      "Parameters: { \"n_learning_rate\", \"verbose\" } might not be used.\n",
      "\n",
      "  This could be a false alarm, with some parameters getting used by language bindings but\n",
      "  then being mistakenly passed down to XGBoost core, or some parameter actually being used\n",
      "  but getting flagged wrongly here. Please open an issue if you find any such cases.\n",
      "\n",
      "\n",
      "[0]\tvalidation_0-auc:0.51153\n",
      "[1]\tvalidation_0-auc:0.51153\n",
      "[2]\tvalidation_0-auc:0.49803\n",
      "[3]\tvalidation_0-auc:0.49569\n",
      "[4]\tvalidation_0-auc:0.49699\n",
      "[5]\tvalidation_0-auc:0.49566\n",
      "[6]\tvalidation_0-auc:0.50222\n",
      "[7]\tvalidation_0-auc:0.49120\n",
      "[8]\tvalidation_0-auc:0.49922\n",
      "[9]\tvalidation_0-auc:0.49888\n",
      "[10]\tvalidation_0-auc:0.49397\n",
      "[11]\tvalidation_0-auc:0.49629\n",
      "[12]\tvalidation_0-auc:0.49567\n",
      "[13]\tvalidation_0-auc:0.49391\n",
      "[14]\tvalidation_0-auc:0.49401\n",
      "[15]\tvalidation_0-auc:0.48883\n",
      "[16]\tvalidation_0-auc:0.48966\n",
